0.000000,188.939144,492.479441,163.104261,669.787280,227.237761,523.573300,378.957781,367.279185,148.774998,317.524802,553.450992,262.449995,938.139115,194.735718,237.166608,159.040875,250.389696,151.937487,208.348266,379.189926,208.513789,329.736258,221.600993,242.567516,325.393608,225.747647,256.130826,195.409826,267.695723,288.617394,181.129788,271.720445,192.699248,148.586675,157.241852,234.689156,198.954769,148.926156,151.766268,166.742316,214.662526,230.694603,192.340843,203.698306,246.471094,146.403552,146.969385,153.912313,205.078034,156.690778,177.738572,161.009317,142.263839,199.276190,145.862949,164.684547,146.147186,147.715944,141.315250,154.408549,145.526630,141.675686,141.315250,141.492049,145.732632,141.375387,141.233849
188.939144,0.000000,481.005197,151.601451,665.064659,219.843126,519.541144,374.933327,360.446945,134.892550,308.337477,550.592408,254.090535,934.903738,173.982758,228.910463,145.313454,233.188765,138.574890,198.718394,374.300681,198.997487,319.299233,213.417431,230.852767,316.175584,210.959712,248.634270,185.453498,259.874970,281.741016,170.182255,260.495681,183.480244,136.132289,145.550678,225.975662,189.549466,136.224080,139.574353,153.782314,202.054448,223.078462,181.991758,191.183158,226.539180,132.272446,134.156625,142.137258,185.830568,143.520033,166.832251,147.397422,129.123971,188.098379,132.853303,153.443801,133.442872,133.775932,128.156155,141.286942,132.732814,128.576825,128.140548,128.351081,133.311665,128.245858,128.058580
492.479441,481.005197,0.000000,482.140021,729.673215,494.822190,628.333510,575.606637,519.091514,478.161061,509.525269,663.239022,507.387426,963.935164,485.168012,508.456488,479.958332,499.758942,478.469435,487.490513,556.960501,491.092659,541.248557,489.762187,492.309862,481.214090,495.594592,496.045361,486.642579,486.284896,528.707859,483.156289,468.792065,488.412735,478.376421,478.774477,502.321610,488.463919,478.655408,480.061454,479.315136,484.836055,506.738591,486.585039,491.189373,502.336541,477.057649,478.403595,479.536234,488.997955,478.545714,483.653802,478.227979,477.777145,491.984756,478.094133,484.372790,478.379556,478.161061,477.583501,479.245240,478.284434,477.694463,477.529057,477.633751,478.915441,477.605486,477.555232
163.104261,151.601451,482.140021,0.000000,664.487773,198.534632,515.012621,361.173089,350.903121,95.199790,301.653775,545.254986,237.804542,935.066843,158.154987,206.811508,111.404668,225.126631,100.079968,175.002857,364.101634,175.872113,310.555953,192.655132,214.802235,307.320679,196.308431,232.615563,159.956244,244.515848,266.692707,136.157996,248.098771,155.022579,95.283787,108.563346,204.973169,161.139691,95.645178,100.419122,121.515431,181.931306,199.291244,154.317854,170.276246,219.770335,91.142745,92.558090,104.651804,171.778928,108.143423,136.740630,114.144645,84.699469,163.058272,91.054928,118.498945,91.104336,93.589529,83.024093,104.885652,90.338253,83.660026,83.036137,83.312664,90.835015,83.150466,82.861330
669.787280,665.064659,729.673215,664.487773,0.000000,638.336902,631.775277,725.189630,664.202529,661.349378,654.786225,681.965542,655.425816,850.991187,669.852969,681.361138,663.717560,681.178391,662.614518,669.516243,642.010903,651.039937,698.660862,629.091408,675.705557,677.976401,674.570234,611.449098,650.050767,629.825373,688.610921,664.860136,677.128496,667.971556,661.888963,656.763275,677.941000,668.205058,663.067116,663.603797,664.716481,674.951109,682.717365,667.394936,667.842796,682.775952,661.953926,662.569996,662.748821,670.884491,663.274453,658.785246,663.438769,662.176714,668.309808,662.385839,667.218105,662.786542,662.378291,662.012840,662.163877,662.419052,662.107997,661.967522,662.064196,663.025641,662.042295,662.007553
227.237761,219.843126,494.822190,198.534632,638.336902,0.000000,481.046775,390.737764,366.129758,186.652083,329.054707,499.844976,279.723077,878.288108,225.097757,262.714674,195.532606,275.110887,189.857842,236.122849,356.962183,224.113810,343.588417,209.117192,262.971481,337.413693,251.342396,237.672043,213.311978,269.232242,309.213518,212.995305,290.156854,223.772206,187.037429,180.836943,260.560933,226.145971,187.504667,189.831504,201.434853,241.981404,256.556037,221.788187,233.255225,270.819128,185.491240,185.884373,191.775911,234.623102,193.465759,204.558060,196.588403,182.455474,229.325097,185.216090,200.379640,185.391478,186.265939,181.678287,191.710720,185.081063,181.969778,181.661774,181.810341,185.388781,181.736072,181.603965
523.573300,519.541144,628.333510,515.012621,631.775277,481.046775,0.000000,599.055924,544.667789,510.320488,540.865048,538.569401,533.016885,799.783721,524.756134,538.547120,514.098240,544.260967,512.271412,524.938092,504.027777,509.300501,566.136909,471.764772,532.140959,550.910156,532.200150,460.245587,502.121499,504.626595,559.920530,518.091691,539.565566,522.120676,511.402972,503.686410,537.261575,522.518899,511.988281,513.115971,515.348426,529.334488,538.693791,520.956812,524.055341,541.809007,511.041094,511.445989,512.568044,525.136173,513.315692,511.554494,513.847254,510.656440,525.916343,511.363863,517.368341,511.570132,511.762640,510.483105,512.438289,511.338440,510.600627,510.432170,510.543828,511.823212,510.517385,510.470371
378.957781,374.933327,575.606637,361.173089,725.189630,390.737764,599.055924,0.000000,477.716443,356.837498,447.829209,625.909738,412.406353,972.329162,378.495707,400.695645,361.287974,408.683251,358.215019,382.800209,486.201604,380.377444,461.266734,386.610916,401.825833,446.566904,392.498408,406.558729,374.537048,410.653138,432.893751,368.384310,416.215089,373.320238,356.338322,360.038887,399.484668,371.997312,357.135829,358.337829,364.227951,387.802785,394.576989,374.841300,381.814091,407.240715,355.877788,356.310258,359.341064,383.624817,360.087489,366.586961,361.545295,354.519393,380.018421,355.976123,363.961536,355.918530,356.554344,354.128508,359.147602,355.512306,354.278139,354.122860,354.196273,356.046345,354.158157,354.090384
367.279185,360.446945,519.091514,350.903121,664.202529,366.129758,544.667789,477.716443,0.000000,345.618287,417.753516,579.967240,394.301915,909.635641,365.702065,388.399279,350.396918,394.386866,347.498201,361.094171,453.251586,366.158436,441.291287,362.349279,379.015831,421.370383,379.678812,371.697458,359.590044,342.404731,418.893781,352.885250,393.367513,363.561549,346.161812,346.376962,384.230400,364.775273,346.593422,347.978448,350.138544,366.941412,386.424637,358.263869,369.100257,392.183630,345.088394,345.930629,347.998563,369.611959,348.620137,353.019829,349.814236,344.323975,368.248557,345.160832,354.201920,345.874255,345.962426,343.994186,347.844793,345.163729,344.159847,343.985465,344.075573,345.962426,344.036335,343.966568
148.774998,134.892550,478.161061,95.199790,661.349378,186.652083,510.320488,356.837498,345.618287,0.000000,294.251593,540.590418,227.385136,932.206522,141.837936,197.696737,88.328931,214.324520,74.074287,162.385344,357.565379,162.480768,302.697869,179.824915,204.619158,300.364778,182.838727,222.465728,145.006896,235.590747,257.918592,124.651514,239.106671,142.158362,67.572184,85.058803,193.889144,149.522574,67.801180,74.545288,101.769347,169.363514,189.541552,139.960709,156.572667,208.024037,61.870833,63.482281,80.517079,155.708060,83.234608,119.100798,91.137259,51.410116,149.843251,61.351447,97.514102,61.392182,64.807407,48.641546,80.610173,60.016664,49.719212,48.662100,49.132474,60.630026,48.856934,48.363209
317.524802,308.337477,509.525269,301.653775,654.786225,329.054707,540.865048,447.829209,417.753516,294.251593,0.000000,572.389727,346.603520,928.731931,313.582525,340.502570,298.184507,347.037462,296.187441,321.358056,430.925748,318.207479,402.738128,321.491835,339.430405,384.477568,330.136335,339.112076,311.472310,348.191040,372.244543,307.870102,351.078339,316.219860,294.251593,297.370140,335.614362,318.388128,295.508037,296.936020,302.550822,325.935576,341.713330,313.440584,314.243536,343.342395,293.850302,294.838939,297.080797,318.971786,297.684397,305.304766,298.328678,292.972695,318.234190,294.319554,304.550488,294.850810,294.754135,292.653379,296.347769,294.254991,292.848083,292.557687,292.489316,294.913547,292.702921,292.614080
553.450992,550.592408,663.239022,545.254986,681.965542,499.844976,538.569401,625.909738,579.967240,540.590418,572.389727,0.000000,563.325838,837.219804,554.676482,568.007042,544.598935,572.540828,543.020257,554.441160,556.108802,536.098871,599.388021,517.467873,562.125431,581.068843,560.642489,504.469028,532.076122,538.210925,587.399353,547.994526,569.097531,552.627361,541.689948,531.382160,566.380614,551.310257,542.874755,543.714079,546.262757,560.049998,566.031801,551.197787,554.302264,571.340529,541.516389,542.444467,543.397644,556.525830,543.580721,541.336310,544.404262,541.500693,555.610475,542.191848,547.822051,542.262851,542.195537,541.257794,543.409606,542.012915,541.377872,541.250404,541.324302,542.534792,541.299363,541.255023
262.449995,254.090535,507.387426,237.804542,655.425816,279.723077,533.016885,412.406353,394.301915,227.385136,346.603520,563.325838,0.000000,931.346874,258.580742,290.960478,234.029913,301.819482,229.793385,268.188367,400.613280,264.397428,368.987805,273.439207,295.457273,355.030985,281.385856,298.775836,254.143660,303.633002,327.679722,249.479458,313.059100,258.868693,227.517032,232.497312,285.242003,262.162164,228.453496,230.419183,240.243626,274.903619,287.680378,256.859884,264.856565,299.519615,226.344870,227.248762,231.730447,265.798796,233.199485,244.313323,235.138257,224.546209,262.219374,226.874415,239.338672,226.814903,227.811325,223.946422,231.862028,226.596558,224.182961,223.946422,224.053565,226.940521,223.993303,223.886132
938.139115,934.903738,963.935164,935.066843,850.991187,878.288108,799.783721,972.329162,909.635641,932.206522,928.731931,837.219804,931.346874,0.000000,939.469531,946.691608,934.430843,948.726515,933.593059,935.410071,872.216716,920.665520,956.826526,884.854790,935.481694,933.871512,941.810490,859.432371,919.281241,891.875552,952.193783,934.637363,938.561133,938.069294,933.021436,922.819592,943.809303,936.099354,933.865087,934.479534,935.304229,940.982997,947.239674,935.869649,938.783255,946.761322,933.115748,933.713554,933.802977,939.213501,934.031584,928.452476,934.039078,933.458087,939.077207,933.575385,937.047491,933.804048,933.752108,933.330060,933.324702,933.799229,933.401843,933.306488,933.370773,934.046573,933.356309,933.330595
194.735718,173.982758,485.168012,158.154987,669.852969,225.097757,524.756134,378.495707,365.702065,141.837936,313.582525,554.676482,258.580742,939.469531,0.000000,233.302379,153.551294,238.677607,145.509450,204.702223,378.833737,204.719320,325.794414,219.351316,237.042190,322.807992,215.183643,254.733194,191.768089,266.309970,284.190077,177.019773,264.692274,189.981578,143.031465,152.226804,230.649084,195.087160,142.565774,146.714008,160.832211,206.954101,227.802546,187.725864,198.143887,235.278558,140.313934,141.180735,149.596123,192.169196,149.452334,173.669226,153.948043,136.444128,195.061529,140.114239,159.615162,140.481315,141.060271,135.417872,148.620322,139.964281,135.808689,135.344006,135.594985,140.349564,135.495387,135.318144
237.166608,228.910463,508.456488,206.811508,681.361138,262.714674,538.547120,400.695645,388.399279,197.696737,340.502570,568.007042,290.960478,946.691608,233.302379,0.000000,205.475059,282.104591,200.142449,243.985655,400.575836,245.629803,353.867207,257.773156,273.479432,349.074491,259.052118,287.894078,234.117492,295.954388,302.033111,222.436508,299.279134,233.694245,196.997462,204.584946,254.693934,237.375230,198.002525,200.661406,210.705956,250.000000,264.839574,228.466628,238.279248,278.578535,196.188685,196.524808,202.378359,241.824316,203.852888,220.206721,206.871941,193.139846,237.859202,196.005102,210.283142,196.140256,197.448728,192.566872,202.425295,195.668086,192.841904,192.561678,192.691463,195.974488,192.621390,192.496753
159.040875,145.313454,479.958332,111.404668,663.717560,195.532606,514.098240,361.287974,350.396918,88.328931,298.184507,544.598935,234.029913,934.430843,153.551294,205.475059,0.000000,219.802184,90.757920,172.449993,362.476206,172.145287,308.129843,189.560017,212.652298,304.806496,189.678676,229.871703,156.195390,242.291147,262.849767,137.156845,243.487166,153.013071,88.634079,102.766726,202.645010,160.321552,88.255311,93.856273,116.794692,178.650497,198.191826,151.132392,166.039152,213.424460,83.964278,84.935269,98.828134,166.117428,99.398189,132.336692,106.836323,77.051931,160.184269,83.642095,113.097303,83.862983,85.475143,75.193085,98.356494,83.246622,75.894664,75.179785,75.511589,83.689904,75.332596,75.013332
250.389696,233.188765,499.758942,225.126631,681.178391,275.110887,544.260967,408.683251,394.386866,214.324520,347.037462,572.540828,301.819482,948.726515,238.677607,282.104591,219.802184,0.000000,215.601484,257.782854,408.436042,258.598144,361.666974,270.591944,282.626963,352.298169,265.674613,298.817670,248.732788,306.789830,326.847059,237.290961,307.237693,247.159867,215.288179,221.535550,279.209599,251.515407,215.675682,217.724597,226.194606,258.451156,278.763340,246.446749,254.947053,286.218448,213.168947,213.805987,218.568067,253.487672,219.374110,235.877087,222.083318,211.504137,250.103978,213.646905,227.072676,214.135471,214.860420,210.971562,218.954333,213.600094,211.222631,210.966822,211.085291,214.156485,211.021326,210.907563
151.937487,138.574890,478.469435,100.079968,662.614518,189.857842,512.271412,358.215019,347.498201,74.074287,296.187441,543.020257,229.793385,933.593059,145.509450,200.142449,90.757920,215.601484,0.000000,165.475074,359.752693,165.544556,304.849143,183.439363,207.127980,301.688581,183.393021,225.424045,148.815322,237.528946,260.071144,128.471787,239.622620,145.650266,74.357246,90.454408,196.885754,153.094742,73.661387,80.647381,106.526992,171.630417,192.252438,143.714996,159.599499,210.135670,68.520070,69.677830,86.371292,159.279628,87.458562,123.353152,95.010526,59.883220,153.114336,68.593003,101.793909,68.571131,71.281134,57.506521,86.040688,67.771675,58.420887,57.454330,57.922362,68.330081,57.688820,57.271284
208.348266,198.718394,487.490513,175.002857,669.516243,236.122849,524.938092,382.800209,361.094171,162.385344,321.358056,554.441160,268.188367,935.410071,204.702223,243.985655,172.449993,257.782854,165.475074,0.000000,382.293081,218.006881,334.602750,230.755282,233.910239,326.410784,233.548710,264.034089,206.077655,269.692417,294.049316,184.962158,274.636123,203.430578,162.262134,170.856665,239.064845,207.951918,163.297275,166.066252,171.510933,212.685213,239.897895,193.814344,213.527516,254.253810,160.664246,161.558039,167.535071,215.192937,169.973527,188.955021,173.323397,157.448404,208.317066,160.850863,177.938192,160.959622,162.144997,156.662057,168.520028,158.735629,157.006369,156.662057,156.821555,160.937876,156.735446,156.582247
379.189926,374.300681,556.960501,364.101634,642.010903,356.962183,504.027777,486.201604,453.251586,357.565379,430.925748,556.108802,400.613280,872.216716,378.833737,400.575836,362.476206,408.436042,359.752693,382.293081,0.000000,368.093738,453.231729,350.619452,399.351975,437.933785,392.681805,365.663780,366.916884,386.967699,431.062640,370.152671,411.559230,377.385744,357.548598,353.745671,397.104520,378.132252,358.666976,360.000000,365.206791,387.214411,397.546224,374.753252,382.225065,405.624210,357.243614,357.853322,360.480235,382.972584,361.243685,362.364457,362.649969,356.297628,380.186796,357.537411,365.754016,357.698197,358.191290,355.911506,360.476074,357.534614,356.094089,355.925554,356.012640,357.850527,355.974718,355.907291
208.513789,198.997487,491.092659,175.872113,651.039937,224.113810,509.300501,380.377444,366.158436,162.480768,318.207479,536.098871,264.397428,920.665520,204.719320,245.629803,172.145287,258.598144,165.544556,218.006881,368.093738,0.000000,333.673493,217.294731,249.088338,324.655202,233.139443,250.349755,191.099451,267.146027,293.737978,191.227613,277.185858,203.511670,162.456148,167.364871,242.942380,208.425046,163.061338,165.870431,179.033516,223.776674,239.420133,201.863815,213.436173,254.872517,160.661134,161.027948,168.330033,214.902303,169.888199,185.167492,173.597235,157.254571,209.525655,160.505452,177.676673,160.751361,162.061717,156.364958,168.077363,160.143685,156.716304,156.352167,156.531147,160.673582,156.444878,156.291395
329.736258,319.299233,541.248557,310.555953,698.660862,343.588417,566.136909,461.266734,441.291287,302.697869,402.738128,599.388021,368.987805,956.826526,325.794414,353.867207,308.129843,361.666974,304.849143,334.602750,453.231729,333.673493,0.000000,340.089694,351.259164,411.238374,346.167589,358.570774,326.476645,369.046068,388.319456,319.806191,371.803712,326.785863,303.407317,306.517536,352.540778,329.613410,303.497941,305.203211,310.794144,334.989552,351.280515,325.808226,328.345854,332.839301,302.016556,302.704476,306.217243,332.413899,306.532217,317.696396,308.949834,300.438014,330.570719,301.980132,311.668093,302.319368,302.684654,300.010000,305.640311,301.953639,300.186609,299.943328,300.089987,302.268093,300.044997,299.964998
221.600993,213.417431,489.762187,192.655132,629.091408,209.117192,471.764772,386.610916,362.349279,179.824915,321.491835,517.467873,273.439207,884.854790,219.351316,257.773156,189.560017,270.591944,183.439363,230.755282,350.619452,217.294731,340.089694,0.000000,259.584283,332.896380,246.115826,224.619679,208.206628,264.234744,304.494663,207.043474,286.106623,217.435048,180.391241,179.170310,255.456454,221.503950,181.008287,183.472069,195.427736,236.069905,252.362834,216.069433,226.649509,266.001880,178.698069,179.295845,185.472370,227.820104,187.341933,199.248588,190.465220,175.801024,222.652195,178.636502,194.319325,178.812751,179.735917,174.994286,185.226888,178.479691,175.296891,174.988571,175.131379,178.843507,175.054277,174.917123
242.567516,230.852767,492.309862,214.802235,675.705557,262.971481,532.140959,401.825833,379.015831,204.619158,339.430405,562.125431,295.457273,935.481694,237.042190,273.479432,212.652298,282.626963,207.127980,233.910239,399.351975,249.088338,351.259164,259.584283,0.000000,344.911583,263.269824,287.555212,239.140126,291.636760,316.984227,224.203033,296.700185,239.010460,205.004878,210.352086,270.754501,238.461737,205.382570,207.210038,210.765272,235.561032,269.801779,231.430335,246.908890,274.905438,203.310108,204.374656,208.796552,248.116908,210.748665,224.267697,212.609972,201.042284,242.581945,203.585363,217.352249,203.710579,204.271878,200.372154,209.792755,202.244901,200.636487,200.357181,200.491895,203.742485,200.424549,200.304768
325.393608,316.175584,481.214090,307.320679,677.976401,337.413693,550.910156,446.566904,421.370383,300.364778,384.477568,581.068843,355.030985,933.871512,322.807992,349.074491,304.806496,352.298169,301.688581,326.410784,437.933785,324.655202,411.238374,332.896380,344.911583,0.000000,337.717337,349.130348,319.289837,350.459698,382.623836,312.296334,344.997101,322.052791,300.331484,303.324908,343.543301,320.533930,300.828855,302.105942,308.428274,331.778541,345.625520,320.287371,326.836350,353.885575,298.581647,299.988333,302.849798,328.420462,302.957093,312.217873,303.553949,298.419168,324.271491,299.671487,308.103879,299.753232,300.324824,298.045299,302.867958,299.908319,298.236483,297.998322,298.139229,300.224916,298.093945,298.010067
225.747647,210.959712,495.594592,196.308431,674.570234,251.342396,532.200150,392.498408,379.678812,182.838727,330.136335,560.642489,281.385856,941.810490,215.183643,259.052118,189.678676,265.674613,183.393021,233.548710,392.681805,233.139443,346.167589,246.115826,263.269824,337.717337,0.000000,277.274232,222.587062,287.184610,306.763753,210.879112,284.394093,222.366814,183.983695,191.015706,256.517056,225.931406,183.043711,187.133642,198.063121,238.268756,254.644851,219.346757,229.632315,262.427133,180.216536,180.210987,189.296064,223.738687,182.367760,207.062792,185.693296,179.518801,226.567871,182.367760,197.684091,182.343083,181.262241,178.728845,188.515251,182.214160,179.047480,178.751224,178.885438,182.482876,178.809955,178.675684
256.130826,248.634270,496.045361,232.615563,611.449098,237.672043,460.245587,406.558729,371.697458,222.465728,339.112076,504.469028,298.775836,859.432371,254.733194,287.894078,229.871703,298.817670,225.424045,264.034089,365.663780,250.349755,358.570774,224.619679,287.555212,349.130348,277.274232,0.000000,241.395940,284.408157,330.401271,244.436086,309.514135,252.566823,223.183781,221.891866,284.745500,256.335717,223.575491,225.734357,235.180782,269.245241,283.585966,252.166612,260.295985,293.535347,221.632579,222.366814,226.817107,261.770892,228.313381,237.899138,231.043286,219.617850,257.852671,221.709269,234.712590,222.018017,222.578076,219.000000,226.620829,221.758878,219.255559,218.986301,219.123253,222.065306,219.061635,218.952050
195.409826,185.453498,486.642579,159.956244,650.050767,213.311978,502.121499,374.537048,359.590044,145.006896,311.472310,532.076122,254.143660,919.281241,191.768089,234.117492,156.195390,248.732788,148.815322,206.077655,366.916884,191.099451,326.476645,208.206628,239.140126,319.289837,222.587062,241.395940,0.000000,256.148394,283.458992,178.126360,267.934694,190.887401,145.261833,151.307634,231.508099,196.091815,145.979451,149.184450,163.609291,211.969337,228.006579,188.700821,200.658915,243.489219,143.321317,144.024304,151.795916,202.039600,153.957786,172.551442,157.933530,139.377186,197.063442,143.118832,162.067887,143.206145,144.703144,138.358231,151.706954,142.712999,138.740765,138.351003,138.531585,143.160749,138.434100,138.260623
267.695723,259.874970,486.284896,244.515848,629.825373,269.232242,504.626595,410.653138,342.404731,235.590747,348.191040,538.210925,303.633002,891.875552,266.309970,295.954388,242.291147,306.789830,237.528946,269.692417,386.967699,267.146027,369.046068,264.234744,291.636760,350.459698,287.184610,284.408157,256.148394,0.000000,329.425257,253.118549,312.149003,264.106039,235.768955,236.829052,289.489205,265.205581,236.300656,238.512054,245.466902,273.010989,292.901007,260.787270,270.347924,303.415557,234.373633,235.378419,239.223745,272.172739,240.522348,247.935475,242.765319,232.821820,267.256431,234.591134,247.022266,234.899979,235.730779,232.256324,239.163124,234.266942,232.484408,232.226183,232.359635,235.123372,232.301528,232.198191
288.617394,281.741016,528.707859,266.692707,688.610921,309.213518,559.920530,432.893751,418.893781,257.918592,372.244543,587.399353,327.679722,952.193783,284.190077,302.033111,262.849767,326.847059,260.071144,294.049316,431.062640,293.737978,388.319456,304.494663,316.984227,382.623836,306.763753,330.401271,283.458992,329.425257,0.000000,276.911538,337.256579,285.707893,255.796794,262.901122,305.170444,288.164883,258.226645,259.951919,268.851260,299.693176,311.406487,281.792477,281.962763,318.637725,256.752799,257.211975,261.363731,291.384626,262.606169,274.140475,263.905286,254.831317,289.117623,256.667100,267.927229,257.050579,257.619875,254.318698,261.660085,256.370825,254.527012,254.098406,254.413050,256.877403,254.348187,254.265609
181.129788,170.182255,483.156289,136.157996,664.860136,212.995305,518.091691,368.384310,352.885250,124.651514,307.870102,547.994526,249.479458,934.637363,177.019773,222.436508,137.156845,237.290961,128.471787,184.962158,370.152671,191.227613,319.806191,207.043474,224.203033,312.296334,210.879112,244.436086,178.126360,253.118549,276.911538,0.000000,257.654808,172.002907,124.811858,135.000000,217.763633,175.604670,125.023998,128.580714,143.753261,194.869187,215.081380,168.234955,187.010695,233.015021,121.441344,122.800651,129.734344,188.857089,134.684817,157.673714,139.255161,117.068356,180.136060,121.449578,143.453825,121.601809,123.628476,115.922388,131.369707,119.924977,116.395876,115.939639,116.146459,121.655251,116.030168,115.823141
271.720445,260.495681,468.792065,248.098771,677.128496,290.156854,539.565566,416.215089,393.367513,239.106671,351.078339,569.097531,313.059100,938.561133,264.692274,299.279134,243.487166,307.237693,239.622620,274.636123,411.559230,277.185858,371.803712,286.106623,296.700185,344.997101,284.394093,309.514135,267.934694,312.149003,337.256579,257.654808,0.000000,267.430365,238.922582,243.924169,295.930735,269.152373,239.468161,241.476707,249.216773,278.574945,295.705935,264.054919,271.460863,302.297866,236.689670,238.419798,242.666438,271.961394,241.300642,255.246939,243.080234,236.239285,269.905539,238.302329,250.033998,238.060917,238.419798,235.715931,242.915623,237.941169,235.940671,235.631068,235.817726,238.373656,235.760472,235.645921
192.699248,183.480244,488.412735,155.022579,667.971556,223.772206,522.120676,373.320238,363.561549,142.158362,316.219860,552.627361,258.868693,938.069294,189.981578,233.694245,153.013071,247.159867,145.650266,203.430578,377.385744,203.511670,326.785863,217.435048,239.010460,322.052791,222.366814,252.566823,190.887401,264.106039,285.707893,172.002907,267.430365,0.000000,142.116150,150.638640,230.750948,192.411018,142.309522,145.430396,161.027948,210.292653,226.784038,187.291217,198.725942,243.037034,139.545691,140.346001,148.317228,201.136769,150.847605,172.447093,155.019354,135.262707,192.857460,138.856041,158.568597,139.370011,141.000000,134.257216,148.158699,138.567673,134.658828,134.264664,134.443297,139.237208,134.342845,134.164079
148.586675,136.132289,478.376421,95.283787,661.888963,187.037429,511.402972,356.338322,346.161812,67.572184,294.251593,541.689948,227.517032,933.021436,143.031465,196.997462,88.634079,215.288179,74.357246,162.262134,357.548598,162.456148,303.407317,180.391241,205.004878,300.331484,183.983695,223.183781,145.261833,235.768955,255.796794,124.811858,238.922582,142.116150,0.000000,85.152804,193.987113,149.502508,67.505555,74.357246,100.712462,169.664375,189.261724,139.251571,155.438091,208.542562,61.789967,62.944420,80.243380,157.407115,84.059503,119.067208,91.847700,51.156622,150.203196,60.199668,97.339612,61.163715,64.838260,48.352870,80.237149,60.216277,49.436828,48.352870,48.846699,60.827625,48.569538,48.072861
157.241852,145.550678,478.774477,108.563346,656.763275,180.836943,503.686410,360.038887,346.376962,85.058803,297.370140,531.382160,232.497312,922.819592,152.226804,204.584946,102.766726,221.535550,90.454408,170.856665,353.745671,167.364871,306.517536,179.170310,210.352086,303.324908,191.015706,221.891866,151.307634,236.829052,262.901122,135.000000,243.924169,150.638640,85.152804,0.000000,202.148460,158.246643,85.264295,90.763429,114.525106,177.304822,196.746029,149.083869,165.221064,215.065106,80.752709,81.932899,95.561499,166.072273,99.121138,128.335498,105.456152,72.993150,158.977986,80.218452,110.417390,80.299440,83.240615,71.028163,95.503927,79.555012,71.770467,70.929543,71.365258,80.043738,71.175839,70.837843
234.689156,225.975662,502.321610,204.973169,677.941000,260.560933,537.261575,399.484668,384.230400,193.889144,335.614362,566.380614,285.242003,943.809303,230.649084,254.693934,202.645010,279.209599,196.885754,239.064845,397.104520,242.942380,352.540778,255.456454,270.754501,343.543301,256.517056,284.745500,231.508099,289.489205,305.170444,217.763633,295.930735,230.750948,193.987113,202.148460,0.000000,235.427271,195.366323,197.858535,208.532971,247.360061,262.383307,225.721067,235.155268,276.334942,192.616199,194.172604,198.645413,239.169396,201.541559,217.522413,204.193536,190.509842,234.012820,193.305458,207.899014,193.535526,194.573893,189.949993,199.852446,193.046626,190.228810,189.897341,190.076300,193.439913,190.005263,189.878909
198.954769,189.549466,488.463919,161.139691,668.205058,226.145971,522.518899,371.997312,364.775273,149.522574,318.388128,551.310257,262.162164,936.099354,195.087160,237.375230,160.321552,251.515407,153.094742,207.951918,378.132252,208.425046,329.613410,221.503950,238.461737,320.533930,225.931406,256.335717,196.091815,265.205581,288.164883,175.604670,269.152373,192.411018,149.502508,158.246643,235.427271,0.000000,150.126613,153.231850,167.684227,213.950929,208.213832,191.728975,203.046793,246.546142,147.468641,148.313856,156.032048,206.581703,158.161310,175.550563,162.336071,143.638435,195.760057,147.366889,165.728694,147.112202,148.872429,142.691976,156.105733,146.972787,143.062923,142.684968,142.860071,147.380460,142.765542,142.597335
148.926156,136.224080,478.655408,95.645178,663.067116,187.504667,511.988281,357.135829,346.593422,67.801180,295.508037,542.874755,228.453496,933.865087,142.565774,198.002525,88.255311,215.675682,73.661387,163.297275,358.666976,163.061338,303.497941,181.008287,205.382570,300.828855,183.043711,223.575491,145.979451,236.300656,258.226645,125.023998,239.468161,142.309522,67.505555,85.264295,195.366323,150.126613,0.000000,74.417740,102.009803,170.085273,189.934199,140.541809,157.111425,208.909071,60.522723,63.174362,80.622577,157.791001,82.686154,119.339851,90.713836,50.970580,150.392819,60.901560,97.262531,61.008196,64.784257,48.114447,80.579154,60.058305,49.203658,48.135226,48.610698,60.638272,48.332184,47.833043
151.766268,139.574353,480.061454,100.419122,663.603797,189.831504,513.115971,358.337829,347.978448,74.545288,296.936020,543.714079,230.419183,934.479534,146.714008,200.661406,93.856273,217.724597,80.647381,166.066252,360.000000,165.870431,305.203211,183.472069,207.210038,302.105942,187.133642,225.734357,149.184450,238.512054,259.951919,128.580714,241.476707,145.430396,74.357246,90.763429,197.858535,153.231850,74.417740,0.000000,106.310865,172.675997,192.470777,143.930539,159.680932,211.586862,69.130312,70.491134,85.029407,161.114866,89.972218,123.158435,97.257390,59.615434,153.447059,68.110205,102.097992,68.395906,71.909666,57.280014,85.994186,67.520367,58.197938,57.262553,57.697487,68.124885,57.463032,57.043843
166.742316,153.782314,479.315136,121.515431,664.716481,201.434853,515.348426,364.227951,350.138544,101.769347,302.550822,546.262757,240.243626,935.304229,160.832211,210.705956,116.794692,226.194606,106.526992,171.510933,365.206791,179.033516,310.794144,195.427736,210.765272,308.428274,198.063121,235.180782,163.609291,245.466902,268.851260,143.753261,249.216773,161.027948,100.712462,114.525106,208.532971,167.684227,102.009803,106.310865,0.000000,168.567494,204.492054,152.990196,173.505043,220.669436,98.056106,99.121138,110.217966,174.057462,113.229855,141.138230,119.117589,91.945636,166.373075,97.770139,123.814377,97.887691,100.054985,90.448881,110.575766,95.817535,91.032961,90.448881,90.713836,97.688280,90.564894,90.299502
214.662526,202.054448,484.836055,181.931306,674.951109,241.981404,529.334488,387.802785,366.941412,169.363514,325.935576,560.049998,274.903619,940.982997,206.954101,250.000000,178.650497,258.451156,171.630417,212.685213,387.214411,223.776674,334.989552,236.069905,235.561032,331.778541,238.268756,269.245241,211.969337,273.010989,299.693176,194.869187,278.574945,210.292653,169.664375,177.304822,247.360061,213.950929,170.085273,172.675997,168.567494,0.000000,245.381336,202.353651,219.333080,252.471781,167.224400,168.237927,174.673982,219.965906,176.584258,195.041021,179.226114,164.283292,214.529718,167.582815,183.980977,167.645459,168.107109,163.493119,175.059990,166.421153,163.816971,163.468651,163.639848,167.558945,163.557329,163.410526
230.694603,223.078462,506.738591,199.291244,682.717365,256.556037,538.693791,394.576989,386.424637,189.541552,341.713330,566.031801,287.680378,947.239674,227.802546,264.839574,198.191826,278.763340,192.252438,239.897895,397.546224,239.420133,351.280515,252.362834,269.801779,345.625520,254.644851,283.585966,228.006579,292.901007,311.406487,215.081380,295.705935,226.784038,189.261724,196.746029,262.383307,208.213832,189.934199,192.470777,204.492054,245.381336,0.000000,224.991111,236.061433,274.109467,187.792439,188.164821,194.748556,237.269889,196.361911,212.134391,199.439214,184.664561,232.049564,187.413980,202.398123,187.693900,188.955021,183.934771,194.735718,187.397972,184.222691,183.940208,184.065206,187.600640,183.991848,183.845043
192.340843,181.991758,486.585039,154.317854,667.394936,221.788187,520.956812,374.841300,358.263869,139.960709,313.440584,551.197787,256.859884,935.869649,187.725864,228.466628,151.132392,246.446749,143.714996,193.814344,374.753252,201.863815,325.808226,216.069433,231.430335,320.287371,219.346757,252.166612,188.700821,260.787270,281.792477,168.234955,264.054919,187.291217,139.251571,149.083869,225.721067,191.728975,140.541809,143.930539,152.990196,202.353651,224.991111,0.000000,197.549994,241.095417,137.909391,138.538803,145.718907,199.248588,148.556387,169.038457,153.124133,133.544000,192.997409,136.890467,157.206870,137.753403,139.387948,132.623527,146.700375,135.716617,133.022554,132.631067,132.804367,137.422706,132.680066,132.521696
203.698306,191.183158,491.189373,170.276246,667.842796,233.255225,524.055341,381.814091,369.100257,156.572667,314.243536,554.302264,264.856565,938.783255,198.143887,238.279248,166.039152,254.947053,159.599499,213.527516,382.225065,213.436173,328.345854,226.649509,246.908890,326.836350,229.632315,260.295985,200.658915,270.347924,281.962763,187.010695,271.460863,198.725942,155.438091,165.221064,235.155268,203.046793,157.111425,159.680932,173.505043,219.333080,236.061433,197.549994,0.000000,245.635909,154.541257,155.251409,162.320670,207.441558,164.057917,182.887944,167.913668,150.824401,200.154940,154.178468,172.185946,154.557433,155.315807,150.023332,161.192432,153.879823,150.376195,149.863271,150.183221,154.483009,150.093304,149.933319
246.471094,226.539180,502.336541,219.770335,682.775952,270.819128,541.809007,407.240715,392.183630,208.024037,343.342395,571.340529,299.519615,946.761322,235.278558,278.578535,213.424460,286.218448,210.135670,254.253810,405.624210,254.872517,332.839301,266.001880,274.905438,353.885575,262.427133,293.535347,243.489219,303.415557,318.637725,233.015021,302.297866,243.037034,208.542562,215.065106,276.334942,246.546142,208.909071,211.586862,220.669436,252.471781,274.109467,241.095417,245.635909,0.000000,206.392829,206.707523,213.632863,242.509794,210.475652,230.328027,214.806890,204.653365,247.796287,207.050718,220.809873,207.371647,208.004808,204.009804,211.844282,206.842936,204.269430,204.000000,204.127411,207.321007,204.061265,203.943620
146.403552,132.272446,477.057649,91.142745,661.953926,185.491240,511.041094,355.877788,345.088394,61.870833,293.850302,541.516389,226.344870,933.115748,140.313934,196.188685,83.964278,213.168947,68.520070,160.664246,357.243614,160.661134,302.016556,178.698069,203.310108,298.581647,180.216536,221.632579,143.321317,234.373633,256.752799,121.441344,236.689670,139.545691,61.789967,80.752709,192.616199,147.468641,60.522723,69.130312,98.056106,167.224400,187.792439,137.909391,154.541257,206.392829,0.000000,56.356011,75.676945,153.821325,77.781746,116.159373,85.170417,43.116122,147.746404,54.479354,93.354164,54.598535,58.480766,39.749214,75.736385,53.591044,41.060930,39.774364,40.348482,54.221767,40.012498,39.408121
146.969385,134.156625,478.403595,92.558090,662.569996,185.884373,511.445989,356.310258,345.930629,63.482281,294.838939,542.444467,227.248762,933.713554,141.180735,196.524808,84.935269,213.805987,69.677830,161.558039,357.853322,161.027948,302.704476,179.295845,204.374656,299.988333,180.210987,222.366814,144.024304,235.378419,257.211975,122.800651,238.419798,140.346001,62.944420,81.932899,194.172604,148.313856,63.174362,70.491134,99.121138,168.237927,188.164821,138.538803,155.251409,206.707523,56.356011,0.000000,76.909037,156.323383,79.246451,117.000000,87.200917,45.044423,148.489057,56.035703,94.313308,56.044625,60.000000,41.737274,76.694198,55.118055,43.034870,41.809090,42.355637,55.749439,42.035699,41.460825
153.912313,142.137258,479.536234,104.651804,662.748821,191.775911,512.568044,359.341064,347.998563,80.517079,297.080797,543.397644,231.730447,933.802977,149.596123,202.378359,98.828134,218.568067,86.371292,167.535071,360.480235,168.330033,306.217243,185.472370,208.796552,302.849798,189.296064,226.817107,151.795916,239.223745,261.363731,129.734344,242.666438,148.317228,80.243380,95.561499,198.645413,156.032048,80.622577,85.029407,110.217966,174.673982,194.748556,145.718907,162.320670,213.632863,75.676945,76.909037,0.000000,163.731488,94.810337,126.814826,101.926444,67.156534,155.890988,74.518454,106.780148,75.179785,78.313473,65.245690,89.816480,74.047282,66.083281,65.276336,65.642974,74.959989,65.421709,65.069194
205.078034,185.830568,488.997955,171.778928,670.884491,234.623102,525.136173,383.624817,369.611959,155.708060,318.971786,556.525830,265.798796,939.213501,192.169196,241.824316,166.117428,253.487672,159.279628,215.192937,382.972584,214.902303,332.413899,227.820104,248.116908,328.420462,223.738687,261.770892,202.039600,272.172739,291.384626,188.857089,271.961394,201.136769,157.407115,166.072273,239.169396,206.581703,157.791001,161.114866,174.057462,219.965906,237.269889,199.248588,207.441558,242.509794,153.821325,156.323383,163.731488,0.000000,162.705255,185.224188,165.084827,151.868364,206.111620,155.380179,173.020230,155.479902,155.971151,150.966884,163.098130,154.922561,151.317547,150.920509,151.125775,155.186984,151.036419,150.877434
156.690778,143.520033,478.545714,108.143423,663.274453,193.465759,513.315692,360.087489,348.620137,83.234608,297.684397,543.580721,233.199485,934.031584,149.452334,203.852888,99.398189,219.374110,87.458562,169.973527,361.243685,169.888199,306.532217,187.341933,210.748665,302.957093,182.367760,228.313381,153.957786,240.522348,262.606169,134.684817,241.300642,150.847605,84.059503,99.121138,201.541559,158.161310,82.686154,89.972218,113.229855,176.584258,196.361911,148.556387,164.057917,210.475652,77.781746,79.246451,94.810337,162.705255,0.000000,129.286504,94.403390,72.006944,158.066442,79.018985,109.749715,79.366240,81.743501,70.057120,94.625578,78.612976,70.809604,70.071392,70.398864,79.183332,70.206837,69.864154
177.738572,166.832251,483.653802,136.740630,658.785246,204.558060,511.554494,366.586961,353.019829,119.100798,305.304766,541.336310,244.313323,928.452476,173.669226,220.206721,132.336692,235.877087,123.353152,188.955021,362.364457,185.167492,317.696396,199.248588,224.267697,312.217873,207.062792,237.899138,172.551442,247.935475,274.140475,157.673714,255.246939,172.447093,119.067208,128.335498,217.522413,175.550563,119.339851,123.158435,141.138230,195.041021,212.134391,169.038457,182.887944,230.328027,116.159373,117.000000,126.814826,185.224188,129.286504,0.000000,133.869339,111.139552,177.589414,115.702204,138.650640,115.974135,117.800679,109.895405,126.676754,115.052162,110.394746,109.904504,110.131739,115.900820,110.009091,109.790710
161.009317,147.397422,478.227979,114.144645,663.438769,196.588403,513.847254,361.545295,349.814236,91.137259,298.328678,544.404262,235.138257,934.039078,153.948043,206.871941,106.836323,222.083318,95.010526,173.323397,362.649969,173.597235,308.949834,190.465220,212.609972,303.553949,185.693296,231.043286,157.933530,242.765319,263.905286,139.255161,243.080234,155.019354,91.847700,105.456152,204.193536,162.336071,90.713836,97.257390,119.117589,179.226114,199.439214,153.124133,167.913668,214.806890,85.170417,87.200917,101.926444,165.084827,94.403390,133.869339,0.000000,80.938248,162.551530,87.464278,115.762688,87.447127,89.353232,79.233831,101.656284,86.625631,79.899937,79.246451,79.536155,87.372765,79.366240,79.063266
142.263839,129.123971,477.777145,84.699469,662.176714,182.455474,510.656440,354.519393,344.323975,51.410116,292.972695,541.500693,224.546209,933.458087,136.444128,193.139846,77.051931,211.504137,59.883220,157.448404,356.297628,157.254571,300.438014,175.801024,201.042284,298.419168,179.518801,219.617850,139.377186,232.821820,254.831317,117.068356,236.239285,135.262707,51.156622,72.993150,190.509842,143.638435,50.970580,59.615434,91.945636,164.283292,184.664561,133.544000,150.824401,204.653365,43.116122,45.044423,67.156534,151.868364,72.006944,111.139552,80.938248,0.000000,143.805424,41.749251,86.533231,41.809090,47.233463,18.466185,67.238382,40.112342,21.142375,18.520259,19.723083,41.243181,19.026298,17.720045
